0.861025 
0.860655 
0.860192 
0.862093 
0.859528 
0.859042 
0.857762 
0.857464 
0.857777 
0.855694 
0.856769 
0.856414 
0.854872 
0.854044 
0.853668 
0.852458 
0.852090 
0.852106 
0.850960 
0.849894 
0.849498 
0.849186 
0.847722 
0.847036 
0.846684 
0.846082 
0.844703 
0.843908 
0.843307 
0.843045 
0.841684 
0.841033 
0.840115 
0.839417 
0.838022 
0.837577 
0.836640 
0.835460 
0.834569 
0.833647 
0.832876 
0.831955 
0.830678 
0.830351 
0.828960 
0.827873 
0.827173 
0.826014 
0.825099 
0.823997 
0.823004 
0.822472 
0.821345 
0.820330 
0.819641 
0.818781 
0.817789 
0.817028 
0.816183 
0.815378 
0.814409 
0.813493 
0.813069 
0.812179 
0.811453 
0.810709 
0.810108 
0.809303 
0.808818 
0.808024 
0.807554 
0.806771 
0.806346 
0.805725 
0.805131 
0.804544 
0.803812 
0.803206 
0.802622 
0.802120 
0.801498 
0.801190 
0.800714 
0.800085 
0.799470 
0.798838 
0.798236 
0.797584 
0.797188 
0.796860 
0.796600 
0.796181 
0.795320 
0.794689 
0.793813 
0.793246 
0.793058 
0.792389 
0.791555 
0.790848 
0.790162 
0.789421 
0.788956 
0.788642 
0.788070 
0.787279 
0.786586 
0.785716 
0.785019 
0.784154 
0.783394 
0.782795 
0.782006 
0.781133 
0.780523 
0.779782 
0.778976 
0.778166 
0.777363 
0.776475 
0.775819 
0.774975 
0.774126 
0.773365 
0.772568 
0.771707 
0.770783 
0.770112 
0.769145 
0.768312 
0.767648 
0.766716 
0.765849 
0.765059 
0.764157 
0.763305 
0.762504 
0.761630 
0.760806 
0.759939 
0.759123 
0.758221 
0.757305 
0.756345 
0.755574 
0.754728 
0.753862 
0.752944 
0.752088 
0.751319 
0.750323 
0.749540 
0.748497 
0.747714 
0.746943 
0.745968 
0.745001 
0.744230 
0.743206 
0.742491 
0.741470 
0.740668 
0.739711 
0.738768 
0.737962 
0.737008 
0.736104 
0.735345 
0.734334 
0.733415 
0.732563 
0.731692 
0.730842 
0.729822 
0.729007 
0.728146 
0.727126 
0.726379 
0.725398 
0.724510 
0.723662 
0.722661 
0.721801 
0.720911 
0.720078 
0.719138 
0.718161 
0.717335 
0.716358 
0.715508 
0.714575 
0.713737 
0.712760 
0.711881 
0.711019 
0.710033 
0.709198 
0.708224 
0.707281 
0.706523 
0.705458 
0.704642 
0.703709 
0.702826 
0.701932 
0.701038 
0.700098 
0.699222 
0.698198 
0.697530 
0.696472 
0.695536 
0.694613 
0.693698 
0.692822 
0.691879 
0.690930 
0.690059 
0.689028 
0.688143 
0.687238 
0.686165 
0.685317 
0.684426 
0.683407 
0.682750 
0.681663 
0.680789 
0.679845 
0.678799 
0.677869 
0.676872 
0.676283 
0.675241 
0.674251 
0.673390 
0.672333 
0.671414 
0.670427 
0.669581 
