0.673175 
0.670641 
0.668366 
0.665925 
0.663610 
0.661127 
0.658980 
0.656542 
0.654143 
0.651901 
0.649522 
0.647305 
0.644790 
0.642409 
0.640367 
0.637928 
0.635440 
0.633042 
0.630987 
0.628631 
0.626415 
0.624054 
0.621922 
0.619743 
0.615431 
0.613095 
0.610602 
0.608162 
0.605847 
0.603531 
0.601138 
0.598734 
0.596318 
0.593665 
0.590829 
0.587966 
0.585024 
0.582213 
0.579270 
0.576558 
0.573678 
0.571004 
0.568418 
0.565825 
0.563467 
0.560993 
0.558714 
0.556314 
0.553991 
0.551620 
0.549220 
0.546843 
0.544462 
0.541984 
0.539543 
0.537088 
0.534543 
0.532067 
0.529568 
0.526994 
0.524465 
0.522010 
0.519557 
0.517110 
0.514653 
0.512281 
0.509909 
0.507557 
0.505166 
0.502826 
0.500584 
0.498359 
0.496168 
0.493860 
0.491356 
0.488755 
0.486080 
0.483375 
0.480740 
0.478184 
0.475645 
0.473225 
0.470821 
0.468518 
0.466320 
0.464165 
0.462038 
0.459980 
0.457841 
0.455683 
0.453546 
0.451415 
0.449319 
0.447178 
0.444998 
0.442819 
0.440582 
0.438338 
0.436153 
0.433938 
0.431696 
0.429521 
0.427344 
0.425207 
0.423107 
0.421018 
0.418937 
0.416898 
0.414912 
0.412919 
0.410884 
0.408911 
0.406898 
0.404961 
0.403016 
0.401045 
0.399131 
0.397208 
0.395307 
0.393405 
0.391525 
0.389628 
0.387757 
0.385845 
0.384010 
0.382140 
0.380316 
0.378514 
0.376700 
0.374938 
0.373118 
0.371344 
0.369594 
0.367847 
0.366077 
0.364353 
0.362610 
0.360882 
0.359181 
0.357442 
0.355799 
0.354184 
0.352522 
0.350918 
0.349267 
0.347698 
0.346141 
0.344626 
0.343006 
0.341471 
0.339979 
0.338457 
0.336949 
0.335396 
0.333853 
0.332282 
0.330806 
0.329331 
0.327870 
0.326410 
0.324916 
0.323360 
0.321877 
0.320393 
0.318961 
0.317472 
0.316051 
0.312987 
