392.543
394.5958
396.6486
398.7014
400.7542
402.807
404.8598
406.9126
408.9654
411.0182
413.071
415.1238
417.1766
419.2294
421.2822
423.335
425.3878
427.4406
429.4934
431.5462
433.599
435.6518
437.7046
439.7574
441.8102
443.863
445.9158
447.9686
450.0214
452.0742
454.127
456.1798
458.2326
460.2854
462.3382
464.391
466.4438
468.4966
470.5494
472.6022
474.655
476.7078
478.7606
480.8134
482.8662
484.919
486.9718
489.0246
491.0774
493.1302
495.183
497.2358
499.2886
501.3414
503.3942
505.447
507.4998
509.5526
511.6054
513.6582
515.711
517.7638
519.8166
521.8694
523.9222
525.975
528.0278
530.0806
532.1334
534.1862
536.239
538.2918
540.3446
542.3974
544.4502
546.503
548.5558
550.6086
552.6614
554.7142
556.767
558.8198
560.8726
562.9254
564.9782
567.031
569.0838
571.1366
573.1894
575.2422
577.295
579.3478
581.4006
583.4534
585.5062
587.559
589.6118
591.6646
593.7174
595.7702
597.823
599.8758
601.9286
603.9814
606.0342
608.087
610.1398
612.1926
614.2454
616.2982
618.351
620.4038
622.4566
624.5094
626.5622
628.615
630.6678
632.7206
634.7734
636.8262
638.879
640.9318
642.9846
645.0374
647.0902
649.143
651.1958
653.2486
655.3014
657.3542
659.407
661.4598
663.5126
665.5654
667.6182
669.671
671.7238
673.7766
675.8294
677.8822
679.935
681.9878
684.0406
686.0934
688.1462
690.199
692.2518
694.3046
696.3574
698.4102
700.463
702.5158
704.5686
706.6214
708.6742
710.727
712.7798
714.8326
716.8854
718.9382
720.991
723.0438
725.0966
727.1494
729.2022
731.255
733.3078
735.3606
737.4134
739.4662
741.519
743.5718
745.6246
747.6774
749.7302
751.783
753.8358
755.8886
757.9414
759.9942
762.047
764.0998
766.1526
768.2054
770.2582
772.311
774.3638
776.4166
778.4694
780.5222
782.575
784.6278
786.6806
788.7334
790.7862
792.839
794.8918
796.9446
798.9974
801.0502
803.103
805.1558
807.2086
809.2614
811.3142
813.367
815.4198
817.4726
819.5254
821.5782
823.631
825.6838
827.7366
829.7894
831.8422
833.895
835.9478
838.0006
840.0534
842.1062
844.159
846.2118
848.2646
850.3174
852.3702
854.423
856.4758
858.5286
860.5814
862.6342
864.687
866.7398
868.7926
870.8454
872.8982
874.951
877.0038
879.0566
881.1094
883.1622