875.35
880.6
885.85
891.11
896.37
901.63
906.9
912.17
917.45
922.73
928.01
933.3
938.59
943.88
949.18
954.48
959.79
965.1
970.42
975.73
981.06
986.38
991.71
997.04
1002.38
1007.72
1013.07
1018.42
1023.77
1029.13
1034.49
1039.85
1045.22
1050.59
1055.97
1061.35
1066.73
1072.12
1077.51
1082.91
1088.3
1093.71
1099.11
1104.53
1109.94
1115.36
1120.78
1126.21
1131.64
1137.07
1142.51
1147.95
1153.4
1158.84
1164.3
1169.75
1175.22
1180.68
1186.15
1191.62
1197.1
1202.58
1208.06
1213.55
1219.04
1224.54
1230.04
1235.54
1241.05
1246.56
1252.07
1257.59
1263.11
1268.64
1274.17
1279.71
1285.24
1290.79
1296.33
1301.88
1307.43
1312.99
1318.55
1324.12
1329.69
1335.26
1340.84
1346.42
1352
1357.59
1363.18
1368.78
1374.38
1379.98
1385.59
1391.2
1396.82
1402.44
1408.06
1413.69
1419.32
1424.95
1430.59
1436.23
1441.88
1447.53
1453.18
1458.84
1464.5
1470.17
1475.84
1481.51
1487.19
1492.87
1498.55
1504.24
1509.93
1515.63
1521.33
1527.03
1532.74
1538.45
1544.17
1549.89
1555.61
1561.34
1567.07
1572.8
1578.54
1584.29
1590.03
1595.78
1601.54
1607.3
1613.06
1618.82
1624.59
1630.37
1636.14
1641.92
1647.71
1653.5
1659.29
1665.09
1670.89
1676.69
1682.5
1688.31
1694.13
1699.95
1705.77
1711.6
1717.43
1723.27
1729.11
1734.95
1740.8
1746.65
1752.5
1758.36
1764.22
1770.09
1775.96
1781.83
1787.71
1793.59
1799.48
1805.37